data.streams._465A.data: [  0.33051473   0.33032298   0.3306432  ... 127.13722    127.14347
 127.14955   ]
data.streams._405A.data: [  0.34758103   0.33559456   0.32383838 ... 103.42801    103.43008
 103.43208   ]
data.streams._465A.fs: 1017.2526245117188
t_on: 89185
t_off: 394466
